2020-05-16 14:16:39.712 Always, OpenZwave Version 1.4.3469 Starting Up
2020-05-16 14:16:49.365 Info, Setting Up Provided Network Key for Secure Communications
2020-05-16 14:16:49.365 Warning, Failed - Network Key Not Set
2020-05-16 14:16:49.365 Info, mgr,     Added driver for controller /dev/ttyACM1
2020-05-16 14:16:49.365 Info,   Opening controller /dev/ttyACM1
2020-05-16 14:16:49.365 Info, Trying to open serial port /dev/ttyACM1 (attempt 1)
2020-05-16 14:16:49.366 Info, Serial port /dev/ttyACM1 opened (attempt 1)
2020-05-16 14:16:49.366 Detail, contrlr, Queuing (Command) FUNC_ID_ZW_GET_VERSION: 0x01, 0x03, 0x00, 0x15, 0xe9
2020-05-16 14:16:49.366 Detail, contrlr, Queuing (Command) FUNC_ID_ZW_MEMORY_GET_ID: 0x01, 0x03, 0x00, 0x20, 0xdc
2020-05-16 14:16:49.366 Detail, contrlr, Queuing (Command) FUNC_ID_ZW_GET_CONTROLLER_CAPABILITIES: 0x01, 0x03, 0x00, 0x05, 0xf9
2020-05-16 14:16:49.366 Detail, contrlr, Queuing (Command) FUNC_ID_SERIAL_API_GET_CAPABILITIES: 0x01, 0x03, 0x00, 0x07, 0xfb
2020-05-16 14:16:49.366 Detail, contrlr, Queuing (Command) FUNC_ID_ZW_GET_SUC_NODE_ID: 0x01, 0x03, 0x00, 0x56, 0xaa
2020-05-16 14:16:49.366 Detail, 
2020-05-16 14:16:49.366 Info, contrlr, Sending (Command) message (Callback ID=0x00, Expected Reply=0x15) - FUNC_ID_ZW_GET_VERSION: 0x01, 0x03, 0x00, 0x15, 0xe9
2020-05-16 14:16:49.368 Detail, contrlr,   Received: 0x01, 0x10, 0x01, 0x15, 0x5a, 0x2d, 0x57, 0x61, 0x76, 0x65, 0x20, 0x34, 0x2e, 0x35, 0x34, 0x00, 0x01, 0x93
2020-05-16 14:16:49.368 Detail, 
2020-05-16 14:16:49.368 Info, contrlr, Received reply to FUNC_ID_ZW_GET_VERSION:
2020-05-16 14:16:49.368 Info, contrlr,     Static Controller library, version Z-Wave 4.54
2020-05-16 14:16:49.368 Detail, Node045,   Expected reply was received
2020-05-16 14:16:49.368 Detail, Node045,   Message transaction complete
2020-05-16 14:16:49.368 Detail, 
2020-05-16 14:16:49.368 Detail, contrlr, Removing current message
2020-05-16 14:16:49.368 Detail, 
2020-05-16 14:16:49.368 Info, contrlr, Sending (Command) message (Callback ID=0x00, Expected Reply=0x20) - FUNC_ID_ZW_MEMORY_GET_ID: 0x01, 0x03, 0x00, 0x20, 0xdc
2020-05-16 14:16:49.370 Detail, contrlr,   Received: 0x01, 0x08, 0x01, 0x20, 0xd6, 0xdb, 0xa4, 0x1f, 0x01, 0x61
2020-05-16 14:16:49.370 Detail, 
2020-05-16 14:16:49.370 Info, contrlr, Received reply to FUNC_ID_ZW_MEMORY_GET_ID. Home ID = 0xd6dba41f.  Our node ID = 1
2020-05-16 14:16:49.370 Detail, Node219,   Expected reply was received
2020-05-16 14:16:49.370 Detail, Node219,   Message transaction complete
2020-05-16 14:16:49.370 Detail, 
2020-05-16 14:16:49.370 Detail, contrlr, Removing current message
2020-05-16 14:16:49.370 Detail, 
2020-05-16 14:16:49.370 Info, contrlr, Sending (Command) message (Callback ID=0x00, Expected Reply=0x05) - FUNC_ID_ZW_GET_CONTROLLER_CAPABILITIES: 0x01, 0x03, 0x00, 0x05, 0xf9
2020-05-16 14:16:49.372 Detail, contrlr,   Received: 0x01, 0x04, 0x01, 0x05, 0x00, 0xff
2020-05-16 14:16:49.372 Detail, 
2020-05-16 14:16:49.372 Info, contrlr, Received reply to FUNC_ID_ZW_GET_CONTROLLER_CAPABILITIES:
2020-05-16 14:16:49.372 Info, contrlr,     There is no SUC ID Server (SIS) in this network.
2020-05-16 14:16:49.372 Info, contrlr,     The PC controller is a primary controller.
2020-05-16 14:16:49.372 Detail, contrlr,   Expected reply was received
2020-05-16 14:16:49.372 Detail, contrlr,   Message transaction complete
2020-05-16 14:16:49.372 Detail, 
2020-05-16 14:16:49.372 Detail, contrlr, Removing current message
2020-05-16 14:16:49.372 Detail, 
2020-05-16 14:16:49.372 Info, contrlr, Sending (Command) message (Callback ID=0x00, Expected Reply=0x07) - FUNC_ID_SERIAL_API_GET_CAPABILITIES: 0x01, 0x03, 0x00, 0x07, 0xfb
2020-05-16 14:16:49.375 Detail, contrlr,   Received: 0x01, 0x2b, 0x01, 0x07, 0x01, 0x01, 0x00, 0x86, 0x00, 0x01, 0x00, 0x5a, 0xfe, 0x81, 0xff, 0x88, 0x4f, 0x1f, 0x00, 0x00, 0xfb, 0x9f, 0x7d, 0xa0, 0x67, 0x00, 0x00, 0x80, 0x00, 0x80, 0x86, 0x00, 0x00, 0x00, 0xe8, 0x73, 0x00, 0x00, 0x0e, 0x00, 0x00, 0x60, 0x00, 0x00, 0xfa
2020-05-16 14:16:49.375 Detail, 
2020-05-16 14:16:49.375 Info, contrlr,  Received reply to FUNC_ID_SERIAL_API_GET_CAPABILITIES
2020-05-16 14:16:49.375 Info, contrlr,     Serial API Version:   1.1
2020-05-16 14:16:49.375 Info, contrlr,     Manufacturer ID:      0x0086
2020-05-16 14:16:49.375 Info, contrlr,     Product Type:         0x0001
2020-05-16 14:16:49.375 Info, contrlr,     Product ID:           0x005a
2020-05-16 14:16:49.375 Detail, contrlr, Queuing (Command) FUNC_ID_ZW_GET_RANDOM: 0x01, 0x04, 0x00, 0x1c, 0x20, 0xc7
2020-05-16 14:16:49.375 Detail, contrlr, Queuing (Command) FUNC_ID_SERIAL_API_GET_INIT_DATA: 0x01, 0x03, 0x00, 0x02, 0xfe
2020-05-16 14:16:49.375 Detail, contrlr, Queuing (Command) FUNC_ID_SERIAL_API_SET_TIMEOUTS: 0x01, 0x05, 0x00, 0x06, 0x64, 0x0f, 0x97
2020-05-16 14:16:49.375 Detail, contrlr, Queuing (Command) FUNC_ID_SERIAL_API_APPL_NODE_INFORMATION: 0x01, 0x07, 0x00, 0x03, 0x01, 0x02, 0x01, 0x00, 0xf9
2020-05-16 14:16:49.375 Detail, Node001,   Expected reply was received
2020-05-16 14:16:49.375 Detail, Node001,   Message transaction complete
2020-05-16 14:16:49.375 Detail, 
2020-05-16 14:16:49.375 Detail, contrlr, Removing current message
2020-05-16 14:16:49.375 Detail, 
2020-05-16 14:16:49.375 Info, contrlr, Sending (Command) message (Callback ID=0x00, Expected Reply=0x56) - FUNC_ID_ZW_GET_SUC_NODE_ID: 0x01, 0x03, 0x00, 0x56, 0xaa
2020-05-16 14:16:49.377 Detail, contrlr,   Received: 0x01, 0x04, 0x01, 0x56, 0x00, 0xac
2020-05-16 14:16:49.377 Detail, 
2020-05-16 14:16:49.377 Info, contrlr, Received reply to GET_SUC_NODE_ID.  Node ID = 0
2020-05-16 14:16:49.377 Info, Controller Does not Support SUC - Cannot Setup Controller as SUC Node
2020-05-16 14:16:49.377 Detail, Node172,   Expected reply was received
2020-05-16 14:16:49.377 Detail, Node172,   Message transaction complete
2020-05-16 14:16:49.377 Detail, 
2020-05-16 14:16:49.377 Detail, contrlr, Removing current message
2020-05-16 14:16:49.377 Detail, 
2020-05-16 14:16:49.377 Info, contrlr, Sending (Command) message (Callback ID=0x00, Expected Reply=0x1c) - FUNC_ID_ZW_GET_RANDOM: 0x01, 0x04, 0x00, 0x1c, 0x20, 0xc7
2020-05-16 14:16:49.433 Detail, contrlr,   Received: 0x01, 0x25, 0x01, 0x1c, 0x01, 0x20, 0xfd, 0x7d, 0xd5, 0x56, 0xbd, 0xb0, 0x61, 0x4e, 0x0e, 0xac, 0x44, 0xcb, 0x90, 0x30, 0x76, 0xe2, 0x98, 0x2d, 0x02, 0x10, 0xa5, 0xe5, 0x57, 0x11, 0x6d, 0x22, 0x85, 0xdf, 0xa2, 0xad, 0xcd, 0xec, 0x44
2020-05-16 14:16:49.433 Detail, 
2020-05-16 14:16:49.433 Info, contrlr, Received reply to FUNC_ID_ZW_GET_RANDOM: true
2020-05-16 14:16:49.433 Detail, Node032,   Expected reply was received
2020-05-16 14:16:49.433 Detail, Node032,   Message transaction complete
2020-05-16 14:16:49.433 Detail, 
2020-05-16 14:16:49.433 Detail, contrlr, Removing current message
2020-05-16 14:16:49.433 Detail, 
2020-05-16 14:16:49.433 Info, contrlr, Sending (Command) message (Callback ID=0x00, Expected Reply=0x02) - FUNC_ID_SERIAL_API_GET_INIT_DATA: 0x01, 0x03, 0x00, 0x02, 0xfe
2020-05-16 14:16:49.538 Detail, contrlr,   Received: 0x01, 0x25, 0x01, 0x02, 0x05, 0x00, 0x1d, 0xf5, 0x00, 0x00, 0x00, 0x00, 0x00, 0x00, 0x00, 0x00, 0x00, 0x00, 0x00, 0x00, 0x00, 0x00, 0x00, 0x00, 0x00, 0x00, 0x00, 0x00, 0x00, 0x00, 0x00, 0x00, 0x00, 0x00, 0x00, 0x00, 0x05, 0x00, 0x31
2020-05-16 14:16:49.538 Detail, 
2020-05-16 14:16:49.538 Info, mgr,     Driver with Home ID of 0xd6dba41f is now ready.
2020-05-16 14:16:49.538 Info, 
2020-05-16 14:16:49.543 Info, Node005, CentralScene - Created 0
2020-05-16 14:16:49.543 Detail, Node005, Queuing (Controller) Delete All Return Routes
2020-05-16 14:16:49.543 Detail, Node005, Queuing (Controller) Assign Return Route
2020-05-16 14:16:49.543 Info, Value size is invalid. Only 1, 2 & 4 supported for node 6, class 0x40, instance 1, index 0
2020-05-16 14:16:49.543 Detail, Node007, Queuing (Controller) Delete All Return Routes
2020-05-16 14:16:49.543 Detail, Node007, Queuing (Controller) Assign Return Route
2020-05-16 14:16:49.544 Info, contrlr, Received reply to FUNC_ID_SERIAL_API_GET_INIT_DATA:
2020-05-16 14:16:49.544 Info, contrlr,     Node 001 - Known
2020-05-16 14:16:49.544 Detail, Node001, AdvanceQueries queryPending=0 queryRetries=0 queryStage=CacheLoad live=1
2020-05-16 14:16:49.544 Detail, Node001, QueryStage_CacheLoad
2020-05-16 14:16:49.544 Info, Node001, Node Identity Codes: 0086:0001:005a
2020-05-16 14:16:49.544 Detail, Node001, QueryStage_Associations
2020-05-16 14:16:49.544 Detail, Node001, QueryStage_Neighbors
2020-05-16 14:16:49.544 Detail, contrlr, Requesting routing info (neighbor list) for Node 1
2020-05-16 14:16:49.544 Detail, Node001, Queuing (Command) Get Routing Info (Node=1): 0x01, 0x07, 0x00, 0x80, 0x01, 0x00, 0x00, 0x03, 0x7a
2020-05-16 14:16:49.544 Detail, Node001, Queuing (Query) Query Stage Complete (Neighbors)
2020-05-16 14:16:49.544 Info, contrlr,     Node 003 - Known
2020-05-16 14:16:49.544 Detail, Node003, AdvanceQueries queryPending=0 queryRetries=0 queryStage=Probe live=1
2020-05-16 14:16:49.544 Detail, Node003, QueryStage_Probe
2020-05-16 14:16:49.544 Info, Node003, NoOperation::Set - Routing=true
2020-05-16 14:16:49.544 Detail, Node003, Queuing (NoOp) NoOperation_Set (Node=3): 0x01, 0x09, 0x00, 0x13, 0x03, 0x02, 0x00, 0x00, 0x25, 0x0a, 0xcb
2020-05-16 14:16:49.544 Detail, Node003, Queuing (Query) Query Stage Complete (Probe)
2020-05-16 14:16:49.544 Info, contrlr,     Node 005 - Known
2020-05-16 14:16:49.544 Detail, Node005, AdvanceQueries queryPending=0 queryRetries=0 queryStage=CacheLoad live=1
2020-05-16 14:16:49.544 Detail, Node005, QueryStage_CacheLoad
2020-05-16 14:16:49.544 Info, Node005, Node Identity Codes: 0086:0002:0082
2020-05-16 14:16:49.544 Info, Node005, NoOperation::Set - Routing=true
2020-05-16 14:16:49.544 Detail, Node005, Queuing (NoOp) NoOperation_Set (Node=5): 0x01, 0x09, 0x00, 0x13, 0x05, 0x02, 0x00, 0x00, 0x25, 0x0b, 0xcc
2020-05-16 14:16:49.544 Detail, Node005, Queuing (Query) Query Stage Complete (CacheLoad)
2020-05-16 14:16:49.544 Info, contrlr,     Node 006 - Known
2020-05-16 14:16:49.544 Detail, Node006, AdvanceQueries queryPending=0 queryRetries=0 queryStage=CacheLoad live=1
2020-05-16 14:16:49.544 Detail, Node006, QueryStage_CacheLoad
2020-05-16 14:16:49.544 Info, Node006, Node Identity Codes: 0148:0003:0001
2020-05-16 14:16:49.544 Info, Node006, NoOperation::Set - Routing=true
2020-05-16 14:16:49.544 Detail, Node006, Queuing (NoOp) NoOperation_Set (Node=6): 0x01, 0x09, 0x00, 0x13, 0x06, 0x02, 0x00, 0x00, 0x25, 0x0c, 0xc8
2020-05-16 14:16:49.544 Detail, Node006, Queuing (Query) Query Stage Complete (CacheLoad)
2020-05-16 14:16:49.544 Info, contrlr,     Node 007 - Known
2020-05-16 14:16:49.544 Detail, Node007, AdvanceQueries queryPending=0 queryRetries=0 queryStage=CacheLoad live=1
2020-05-16 14:16:49.544 Detail, Node007, QueryStage_CacheLoad
2020-05-16 14:16:49.544 Info, Node007, Node Identity Codes: 0371:0002:0005
2020-05-16 14:16:49.544 Info, Node007, NoOperation::Set - Routing=true
2020-05-16 14:16:49.544 Detail, Node007, Queuing (NoOp) NoOperation_Set (Node=7): 0x01, 0x09, 0x00, 0x13, 0x07, 0x02, 0x00, 0x00, 0x25, 0x0d, 0xc8
2020-05-16 14:16:49.544 Detail, Node007, Queuing (Query) Query Stage Complete (CacheLoad)
2020-05-16 14:16:49.544 Info, contrlr,     Node 008 - Known
2020-05-16 14:16:49.544 Detail, Node008, AdvanceQueries queryPending=0 queryRetries=0 queryStage=CacheLoad live=1
2020-05-16 14:16:49.544 Detail, Node008, QueryStage_CacheLoad
2020-05-16 14:16:49.544 Info, Node008, Node Identity Codes: 0086:0002:0064
2020-05-16 14:16:49.544 Info, Node008, NoOperation::Set - Routing=true
2020-05-16 14:16:49.544 Detail, Node008, Queuing (NoOp) NoOperation_Set (Node=8): 0x01, 0x09, 0x00, 0x13, 0x08, 0x02, 0x00, 0x00, 0x25, 0x0e, 0xc4
2020-05-16 14:16:49.544 Detail, Node008, Queuing (Query) Query Stage Complete (CacheLoad)
2020-05-16 14:16:49.544 Detail,   Expected reply was received
2020-05-16 14:16:49.544 Detail,   Message transaction complete
2020-05-16 14:16:49.544 Detail, 
2020-05-16 14:16:49.544 Detail, contrlr, Removing current message
2020-05-16 14:16:49.544 Detail, Node001, Notification: DriverReady
2020-05-16 14:16:49.547 Detail, Node001, Notification: NodeAdded
2020-05-16 14:16:49.548 Detail, Node001, Notification: NodeProtocolInfo
2020-05-16 14:16:49.549 Detail, Node001, Notification: EssentialNodeQueriesComplete
2020-05-16 14:16:49.549 Detail, Node001, Notification: ValueAdded
2020-05-16 14:16:49.550 Detail, Node001, Notification: NodeNaming
2020-05-16 14:16:49.550 Detail, Node003, Notification: NodeAdded
2020-05-16 14:16:49.551 Detail, Node003, Notification: NodeProtocolInfo
2020-05-16 14:16:49.551 Detail, Node003, Notification: ValueAdded
2020-05-16 14:16:49.552 Detail, Node003, Notification: ValueAdded
2020-05-16 14:16:49.553 Detail, Node005, Notification: NodeAdded
2020-05-16 14:16:49.553 Detail, Node005, Notification: NodeProtocolInfo
2020-05-16 14:16:49.554 Detail, Node005, Notification: EssentialNodeQueriesComplete
2020-05-16 14:16:49.554 Detail, Node005, Notification: ValueAdded
2020-05-16 14:16:49.556 Detail, Node005, Notification: ValueAdded
2020-05-16 14:16:49.558 Detail, Node005, Notification: ValueAdded
2020-05-16 14:16:49.559 Detail, Node005, Notification: ValueAdded
2020-05-16 14:16:49.561 Detail, Node005, Notification: ValueAdded
2020-05-16 14:16:49.573 Detail, Node005, Notification: ValueAdded
2020-05-16 14:16:49.593 Detail, Node005, Notification: ValueAdded
2020-05-16 14:16:49.594 Detail, Node005, Notification: ValueAdded
2020-05-16 14:16:49.595 Detail, Node005, Notification: ValueAdded
2020-05-16 14:16:49.596 Detail, Node005, Notification: ValueAdded
2020-05-16 14:16:49.597 Detail, Node005, Notification: ValueAdded
2020-05-16 14:16:49.598 Detail, Node005, Notification: ValueAdded
2020-05-16 14:16:49.599 Detail, Node005, Notification: ValueAdded
2020-05-16 14:16:49.606 Detail, Node005, Notification: ValueAdded
2020-05-16 14:16:49.607 Detail, Node005, Notification: ValueAdded
2020-05-16 14:16:49.608 Detail, Node005, Notification: ValueAdded
2020-05-16 14:16:49.609 Detail, Node005, Notification: ValueAdded
2020-05-16 14:16:49.611 Detail, Node005, Notification: ValueAdded
2020-05-16 14:16:49.612 Detail, Node005, Notification: ValueAdded
2020-05-16 14:16:49.613 Detail, Node005, Notification: ValueAdded
2020-05-16 14:16:49.614 Detail, Node005, Notification: ValueAdded
2020-05-16 14:16:49.615 Detail, Node005, Notification: ValueAdded
2020-05-16 14:16:49.623 Detail, Node005, Notification: ValueAdded
2020-05-16 14:16:49.629 Detail, Node005, Notification: ValueAdded
2020-05-16 14:16:49.630 Detail, Node005, Notification: ValueAdded
2020-05-16 14:16:49.631 Detail, Node005, Notification: ValueAdded
2020-05-16 14:16:49.632 Detail, Node005, Notification: ValueAdded
2020-05-16 14:16:49.633 Detail, Node005, Notification: ValueAdded
2020-05-16 14:16:49.634 Detail, Node005, Notification: ValueAdded
2020-05-16 14:16:49.635 Detail, Node005, Notification: ValueAdded
2020-05-16 14:16:49.647 Detail, Node005, Notification: ValueAdded
2020-05-16 14:16:49.648 Detail, Node005, Notification: ValueAdded
2020-05-16 14:16:49.649 Detail, Node005, Notification: ValueAdded
2020-05-16 14:16:49.656 Detail, Node005, Notification: ValueAdded
2020-05-16 14:16:49.657 Detail, Node005, Notification: ValueAdded
2020-05-16 14:16:49.658 Detail, Node005, Notification: ValueAdded
2020-05-16 14:16:49.659 Detail, Node005, Notification: ValueAdded
2020-05-16 14:16:49.681 Detail, Node005, Notification: ValueAdded
2020-05-16 14:16:49.682 Detail, Node005, Notification: ValueAdded
2020-05-16 14:16:49.683 Detail, Node005, Notification: ValueAdded
2020-05-16 14:16:49.684 Detail, Node005, Notification: ValueAdded
2020-05-16 14:16:49.689 Detail, Node005, Notification: ValueAdded
2020-05-16 14:16:49.693 Detail, Node005, Notification: ValueAdded
2020-05-16 14:16:49.704 Detail, Node005, Notification: ValueAdded
2020-05-16 14:16:49.719 Detail, Node005, Notification: ValueAdded
2020-05-16 14:16:49.720 Detail, Node005, Notification: ValueAdded
2020-05-16 14:16:49.722 Detail, Node005, Notification: ValueAdded
2020-05-16 14:16:49.725 Detail, Node005, Notification: ValueAdded
2020-05-16 14:16:49.727 Detail, Node005, Notification: ValueAdded
2020-05-16 14:16:49.728 Detail, Node005, Notification: ValueAdded
2020-05-16 14:16:49.730 Detail, Node005, Notification: ValueAdded
2020-05-16 14:16:49.731 Detail, Node005, Notification: ValueAdded
2020-05-16 14:16:49.734 Detail, Node005, Notification: ValueAdded
2020-05-16 14:16:49.735 Detail, Node005, Notification: ValueAdded
2020-05-16 14:16:49.736 Detail, Node005, Notification: ValueAdded
2020-05-16 14:16:49.741 Detail, Node005, Notification: ValueAdded
2020-05-16 14:16:49.745 Detail, Node005, Notification: ValueAdded
2020-05-16 14:16:49.746 Detail, Node005, Notification: ValueAdded
2020-05-16 14:16:49.748 Detail, Node005, Notification: ValueAdded
2020-05-16 14:16:49.749 Detail, Node005, Notification: ValueAdded
2020-05-16 14:16:49.754 Detail, Node005, Notification: Group
2020-05-16 14:16:49.754 Detail, Node005, Notification: Group
2020-05-16 14:16:49.754 Detail, Node005, Notification: Group
2020-05-16 14:16:49.755 Detail, Node005, Notification: Group
2020-05-16 14:16:49.756 Detail, Node005, Notification: Group
2020-05-16 14:16:49.756 Detail, Node005, Notification: Group
2020-05-16 14:16:49.756 Detail, Node005, Notification: Group
2020-05-16 14:16:49.756 Detail, Node005, Notification: Group
2020-05-16 14:16:49.756 Detail, Node005, Notification: Group
2020-05-16 14:16:49.757 Detail, Node005, Notification: ValueAdded
2020-05-16 14:16:49.758 Detail, Node005, Notification: ValueAdded
2020-05-16 14:16:49.759 Detail, Node005, Notification: ValueAdded
2020-05-16 14:16:49.761 Detail, Node005, Notification: Group
2020-05-16 14:16:49.761 Detail, Node005, Notification: Group
2020-05-16 14:16:49.761 Detail, Node005, Notification: Group
2020-05-16 14:16:49.761 Detail, Node005, Notification: Group
2020-05-16 14:16:49.762 Detail, Node005, Notification: Group
2020-05-16 14:16:49.762 Detail, Node005, Notification: Group
2020-05-16 14:16:49.762 Detail, Node005, Notification: Group
2020-05-16 14:16:49.762 Detail, Node005, Notification: Group
2020-05-16 14:16:49.762 Detail, Node005, Notification: Group
2020-05-16 14:16:49.763 Detail, Node005, Notification: NodeNaming
2020-05-16 14:16:49.763 Detail, Node006, Notification: NodeAdded
2020-05-16 14:16:49.765 Detail, Node006, Notification: NodeProtocolInfo
2020-05-16 14:16:49.766 Detail, Node006, Notification: EssentialNodeQueriesComplete
2020-05-16 14:16:49.766 Detail, Node006, Notification: ValueAdded
2020-05-16 14:16:49.767 Detail, Node006, Notification: ValueAdded
2020-05-16 14:16:49.768 Detail, Node006, Notification: ValueAdded
2020-05-16 14:16:49.769 Detail, Node006, Notification: ValueAdded
2020-05-16 14:16:49.770 Detail, Node006, Notification: ValueAdded
2020-05-16 14:16:49.771 Detail, Node006, Notification: ValueAdded
2020-05-16 14:16:49.773 Detail, Node006, Notification: ValueAdded
2020-05-16 14:16:49.784 Detail, Node006, Notification: ValueAdded
2020-05-16 14:16:49.786 Detail, Node006, Notification: ValueAdded
2020-05-16 14:16:49.794 Detail, Node006, Notification: ValueAdded
2020-05-16 14:16:49.796 Detail, Node006, Notification: ValueAdded
2020-05-16 14:16:49.797 Detail, Node006, Notification: ValueAdded
2020-05-16 14:16:49.799 Detail, Node006, Notification: ValueAdded
2020-05-16 14:16:49.801 Detail, Node006, Notification: ValueAdded
2020-05-16 14:16:49.803 Detail, Node006, Notification: ValueAdded
2020-05-16 14:16:49.805 Detail, Node006, Notification: ValueAdded
2020-05-16 14:16:49.806 Detail, Node006, Notification: ValueAdded
2020-05-16 14:16:49.808 Detail, Node006, Notification: ValueAdded
2020-05-16 14:16:49.810 Detail, Node006, Notification: ValueAdded
2020-05-16 14:16:49.812 Detail, Node006, Notification: ValueAdded
2020-05-16 14:16:49.815 Detail, Node006, Notification: ValueAdded
2020-05-16 14:16:49.817 Detail, Node006, Notification: ValueAdded
2020-05-16 14:16:49.819 Detail, Node006, Notification: ValueAdded
2020-05-16 14:16:49.820 Detail, Node006, Notification: ValueAdded
2020-05-16 14:16:49.822 Detail, Node006, Notification: ValueAdded
2020-05-16 14:16:49.826 Detail, Node006, Notification: ValueAdded
2020-05-16 14:16:49.831 Detail, Node006, Notification: ValueAdded
2020-05-16 14:16:49.835 Detail, Node006, Notification: ValueAdded
2020-05-16 14:16:49.847 Detail, Node006, Notification: ValueAdded
2020-05-16 14:16:49.855 Detail, Node006, Notification: ValueAdded
2020-05-16 14:16:49.860 Detail, Node006, Notification: ValueAdded
2020-05-16 14:16:49.862 Detail, Node006, Notification: ValueAdded
2020-05-16 14:16:49.864 Detail, Node006, Notification: ValueAdded
2020-05-16 14:16:49.866 Detail, Node006, Notification: ValueAdded
2020-05-16 14:16:49.868 Detail, Node006, Notification: ValueAdded
2020-05-16 14:16:49.870 Detail, Node006, Notification: ValueAdded
2020-05-16 14:16:49.872 Detail, Node006, Notification: ValueAdded
2020-05-16 14:16:49.874 Detail, Node006, Notification: ValueAdded
2020-05-16 14:16:49.879 Detail, Node006, Notification: ValueAdded
2020-05-16 14:16:49.881 Detail, Node006, Notification: ValueAdded
2020-05-16 14:16:49.883 Detail, Node006, Notification: ValueAdded
2020-05-16 14:16:49.888 Detail, Node006, Notification: Group
2020-05-16 14:16:49.889 Detail, Node006, Notification: ValueAdded
2020-05-16 14:16:49.892 Detail, Node006, Notification: ValueAdded
2020-05-16 14:16:49.894 Detail, Node006, Notification: ValueAdded
2020-05-16 14:16:49.900 Detail, Node006, Notification: NodeNaming
2020-05-16 14:16:49.900 Detail, Node007, Notification: NodeAdded
2020-05-16 14:16:49.901 Detail, Node007, Notification: NodeProtocolInfo
2020-05-16 14:16:49.902 Detail, Node007, Notification: EssentialNodeQueriesComplete
2020-05-16 14:16:49.902 Detail, Node007, Notification: ValueAdded
2020-05-16 14:16:49.903 Detail, Node007, Notification: ValueAdded
2020-05-16 14:16:49.905 Detail, Node007, Notification: ValueAdded
2020-05-16 14:16:49.908 Detail, Node007, Notification: ValueAdded
2020-05-16 14:16:49.911 Detail, Node007, Notification: ValueAdded
2020-05-16 14:16:49.915 Detail, Node007, Notification: ValueAdded
2020-05-16 14:16:49.916 Detail, Node007, Notification: ValueAdded
2020-05-16 14:16:49.918 Detail, Node007, Notification: ValueAdded
2020-05-16 14:16:49.920 Detail, Node007, Notification: ValueAdded
2020-05-16 14:16:49.921 Detail, Node007, Notification: ValueAdded
2020-05-16 14:16:49.923 Detail, Node007, Notification: ValueAdded
2020-05-16 14:16:49.925 Detail, Node007, Notification: ValueAdded
2020-05-16 14:16:49.926 Detail, Node007, Notification: ValueAdded
2020-05-16 14:16:49.928 Detail, Node007, Notification: ValueAdded
2020-05-16 14:16:49.932 Detail, Node007, Notification: ValueAdded
2020-05-16 14:16:49.933 Detail, Node007, Notification: ValueAdded
2020-05-16 14:16:49.935 Detail, Node007, Notification: ValueAdded
2020-05-16 14:16:49.936 Detail, Node007, Notification: ValueAdded
2020-05-16 14:16:49.938 Detail, Node007, Notification: ValueAdded
2020-05-16 14:16:49.940 Detail, Node007, Notification: ValueAdded
2020-05-16 14:16:49.942 Detail, Node007, Notification: ValueAdded
2020-05-16 14:16:49.944 Detail, Node007, Notification: ValueAdded
2020-05-16 14:16:49.945 Detail, Node007, Notification: ValueAdded
2020-05-16 14:16:49.947 Detail, Node007, Notification: ValueAdded
2020-05-16 14:16:49.949 Detail, Node007, Notification: ValueAdded
2020-05-16 14:16:49.950 Detail, Node007, Notification: ValueAdded
2020-05-16 14:16:49.953 Detail, Node007, Notification: ValueAdded
2020-05-16 14:16:49.954 Detail, Node007, Notification: ValueAdded
2020-05-16 14:16:49.956 Detail, Node007, Notification: ValueAdded
2020-05-16 14:16:49.962 Detail, Node007, Notification: ValueAdded
2020-05-16 14:16:49.966 Detail, Node007, Notification: ValueAdded
2020-05-16 14:16:49.970 Detail, Node007, Notification: ValueAdded
2020-05-16 14:16:49.985 Detail, Node007, Notification: ValueAdded
2020-05-16 14:16:49.987 Detail, Node007, Notification: ValueAdded
2020-05-16 14:16:49.988 Detail, Node007, Notification: ValueAdded
2020-05-16 14:16:49.991 Detail, Node007, Notification: ValueAdded
2020-05-16 14:16:49.992 Detail, Node007, Notification: ValueAdded
2020-05-16 14:16:50.002 Detail, Node007, Notification: ValueAdded
2020-05-16 14:16:50.004 Detail, Node007, Notification: ValueAdded
2020-05-16 14:16:50.010 Detail, Node007, Notification: ValueAdded
2020-05-16 14:16:50.012 Detail, Node007, Notification: ValueAdded
2020-05-16 14:16:50.016 Detail, Node007, Notification: ValueAdded
2020-05-16 14:16:50.017 Detail, Node007, Notification: ValueAdded
2020-05-16 14:16:50.023 Detail, Node007, Notification: ValueAdded
2020-05-16 14:16:50.030 Detail, Node007, Notification: ValueAdded
2020-05-16 14:16:50.032 Detail, Node007, Notification: ValueAdded
2020-05-16 14:16:50.034 Detail, Node007, Notification: ValueAdded
2020-05-16 14:16:50.036 Detail, Node007, Notification: ValueAdded
2020-05-16 14:16:50.038 Detail, Node007, Notification: Group
2020-05-16 14:16:50.038 Detail, Node007, Notification: Group
2020-05-16 14:16:50.039 Detail, Node007, Notification: Group
2020-05-16 14:16:50.039 Detail, Node007, Notification: ValueAdded
2020-05-16 14:16:50.041 Detail, Node007, Notification: ValueAdded
2020-05-16 14:16:50.043 Detail, Node007, Notification: ValueAdded
2020-05-16 14:16:50.045 Detail, Node007, Notification: Group
2020-05-16 14:16:50.046 Detail, Node007, Notification: Group
2020-05-16 14:16:50.046 Detail, Node007, Notification: Group
2020-05-16 14:16:50.046 Detail, Node007, Notification: NodeNaming
2020-05-16 14:16:50.047 Detail, Node008, Notification: NodeAdded
2020-05-16 14:16:50.049 Detail, Node008, Notification: NodeProtocolInfo
2020-05-16 14:16:50.049 Detail, Node008, Notification: EssentialNodeQueriesComplete
2020-05-16 14:16:50.050 Detail, Node008, Notification: ValueAdded
2020-05-16 14:16:50.053 Detail, Node008, Notification: ValueAdded
2020-05-16 14:16:50.055 Detail, Node008, Notification: ValueAdded
2020-05-16 14:16:50.065 Detail, Node008, Notification: ValueAdded
2020-05-16 14:16:50.071 Detail, Node008, Notification: ValueAdded
2020-05-16 14:16:50.082 Detail, Node008, Notification: ValueAdded
2020-05-16 14:16:50.085 Detail, Node008, Notification: ValueAdded
2020-05-16 14:16:50.087 Detail, Node008, Notification: ValueAdded
2020-05-16 14:16:50.090 Detail, Node008, Notification: ValueAdded
2020-05-16 14:16:50.092 Detail, Node008, Notification: ValueAdded
2020-05-16 14:16:50.097 Detail, Node008, Notification: ValueAdded
2020-05-16 14:16:50.100 Detail, Node008, Notification: ValueAdded
2020-05-16 14:16:50.105 Detail, Node008, Notification: ValueAdded
2020-05-16 14:16:50.107 Detail, Node008, Notification: ValueAdded
2020-05-16 14:16:50.111 Detail, Node008, Notification: ValueAdded
2020-05-16 14:16:50.113 Detail, Node008, Notification: ValueAdded
2020-05-16 14:16:50.116 Detail, Node008, Notification: ValueAdded
2020-05-16 14:16:50.118 Detail, Node008, Notification: ValueAdded
2020-05-16 14:16:50.120 Detail, Node008, Notification: ValueAdded
2020-05-16 14:16:50.122 Detail, Node008, Notification: ValueAdded
2020-05-16 14:16:50.124 Detail, Node008, Notification: ValueAdded
2020-05-16 14:16:50.126 Detail, Node008, Notification: ValueAdded
2020-05-16 14:16:50.128 Detail, Node008, Notification: ValueAdded
2020-05-16 14:16:50.130 Detail, Node008, Notification: ValueAdded
2020-05-16 14:16:50.132 Detail, Node008, Notification: ValueAdded
2020-05-16 14:16:50.134 Detail, Node008, Notification: ValueAdded
2020-05-16 14:16:50.136 Detail, Node008, Notification: ValueAdded
2020-05-16 14:16:50.138 Detail, Node008, Notification: ValueAdded
2020-05-16 14:16:50.140 Detail, Node008, Notification: ValueAdded
2020-05-16 14:16:50.142 Detail, Node008, Notification: ValueAdded
2020-05-16 14:16:50.144 Detail, Node008, Notification: ValueAdded
2020-05-16 14:16:50.146 Detail, Node008, Notification: ValueAdded
2020-05-16 14:16:50.149 Detail, Node008, Notification: ValueAdded
2020-05-16 14:16:50.151 Detail, Node008, Notification: ValueAdded
2020-05-16 14:16:50.154 Detail, Node008, Notification: ValueAdded
2020-05-16 14:16:50.156 Detail, Node008, Notification: ValueAdded
2020-05-16 14:16:50.159 Detail, Node008, Notification: ValueAdded
2020-05-16 14:16:50.160 Detail, Node008, Notification: ValueAdded
2020-05-16 14:16:50.167 Detail, Node008, Notification: ValueAdded
2020-05-16 14:16:50.168 Detail, Node008, Notification: ValueAdded
2020-05-16 14:16:50.170 Detail, Node008, Notification: ValueAdded
2020-05-16 14:16:50.173 Detail, Node008, Notification: ValueAdded
2020-05-16 14:16:50.175 Detail, Node008, Notification: ValueAdded
2020-05-16 14:16:50.177 Detail, Node008, Notification: ValueAdded
2020-05-16 14:16:50.179 Detail, Node008, Notification: ValueAdded
2020-05-16 14:16:50.181 Detail, Node008, Notification: ValueAdded
2020-05-16 14:16:50.183 Detail, Node008, Notification: ValueAdded
2020-05-16 14:16:50.185 Detail, Node008, Notification: ValueAdded
2020-05-16 14:16:50.187 Detail, Node008, Notification: ValueAdded
2020-05-16 14:16:50.191 Detail, Node008, Notification: ValueAdded
2020-05-16 14:16:50.193 Detail, Node008, Notification: ValueAdded
2020-05-16 14:16:50.195 Detail, Node008, Notification: ValueAdded
2020-05-16 14:16:50.197 Detail, Node008, Notification: ValueAdded
2020-05-16 14:16:50.205 Detail, Node008, Notification: ValueAdded
2020-05-16 14:16:50.218 Detail, Node008, Notification: ValueAdded
2020-05-16 14:16:50.228 Detail, Node008, Notification: ValueAdded
2020-05-16 14:16:50.237 Detail, Node008, Notification: ValueAdded
2020-05-16 14:16:50.240 Detail, Node008, Notification: ValueAdded
2020-05-16 14:16:50.242 Detail, Node008, Notification: ValueAdded
2020-05-16 14:16:50.250 Detail, Node008, Notification: ValueAdded
2020-05-16 14:16:50.253 Detail, Node008, Notification: ValueAdded
2020-05-16 14:16:50.255 Detail, Node008, Notification: ValueAdded
2020-05-16 14:16:50.258 Detail, Node008, Notification: ValueAdded
2020-05-16 14:16:50.260 Detail, Node008, Notification: ValueAdded
2020-05-16 14:16:50.263 Detail, Node008, Notification: ValueAdded
2020-05-16 14:16:50.266 Detail, Node008, Notification: ValueAdded
2020-05-16 14:16:50.268 Detail, Node008, Notification: ValueAdded
2020-05-16 14:16:50.276 Detail, Node008, Notification: ValueAdded
2020-05-16 14:16:50.278 Detail, Node008, Notification: ValueAdded
2020-05-16 14:16:50.280 Detail, Node008, Notification: ValueAdded
2020-05-16 14:16:50.283 Detail, Node008, Notification: ValueAdded
2020-05-16 14:16:50.285 Detail, Node008, Notification: ValueAdded
2020-05-16 14:16:50.288 Detail, Node008, Notification: Group
2020-05-16 14:16:50.288 Detail, Node008, Notification: ValueAdded
2020-05-16 14:16:50.290 Detail, Node008, Notification: ValueAdded
2020-05-16 14:16:50.292 Detail, Node008, Notification: ValueAdded
2020-05-16 14:16:50.295 Detail, Node008, Notification: NodeNaming
2020-05-16 14:16:50.299 Detail, 
2020-05-16 14:16:50.299 Info, contrlr, Sending (Command) message (Callback ID=0x00, Expected Reply=0x06) - FUNC_ID_SERIAL_API_SET_TIMEOUTS: 0x01, 0x05, 0x00, 0x06, 0x64, 0x0f, 0x97
2020-05-16 14:16:50.300 Detail, contrlr,   Received: 0x01, 0x05, 0x01, 0x06, 0x64, 0x0f, 0x96
2020-05-16 14:16:50.300 Detail, 
2020-05-16 14:16:50.300 Info, contrlr, Received reply to FUNC_ID_SERIAL_API_SET_TIMEOUTS
2020-05-16 14:16:50.300 Detail, Node015,   Expected reply was received
2020-05-16 14:16:50.300 Detail, Node015,   Message transaction complete
2020-05-16 14:16:50.300 Detail, 
2020-05-16 14:16:50.300 Detail, contrlr, Removing current message
2020-05-16 14:16:50.300 Detail, 
2020-05-16 14:16:50.300 Info, contrlr, Sending (Command) message (Callback ID=0x00, Expected Reply=0x00) - FUNC_ID_SERIAL_API_APPL_NODE_INFORMATION: 0x01, 0x07, 0x00, 0x03, 0x01, 0x02, 0x01, 0x00, 0xf9
2020-05-16 14:16:50.301 Detail, contrlr, Removing current message
2020-05-16 14:16:50.301 Detail, 
2020-05-16 14:16:50.301 Info, Node001, Sending (Command) message (Callback ID=0x00, Expected Reply=0x80) - Get Routing Info (Node=1): 0x01, 0x07, 0x00, 0x80, 0x01, 0x00, 0x00, 0x03, 0x7a
2020-05-16 14:16:50.306 Detail, Node001,   Received: 0x01, 0x20, 0x01, 0x80, 0xf4, 0x00, 0x00, 0x00, 0x00, 0x00, 0x00, 0x00, 0x00, 0x00, 0x00, 0x00, 0x00, 0x00, 0x00, 0x00, 0x00, 0x00, 0x00, 0x00, 0x00, 0x00, 0x00, 0x00, 0x00, 0x00, 0x00, 0x00, 0x00, 0xaa
2020-05-16 14:16:50.306 Detail, 
2020-05-16 14:16:50.306 Info, Node001, Received reply to FUNC_ID_ZW_GET_ROUTING_INFO
2020-05-16 14:16:50.306 Info, Node001,     Neighbors of this node are:
2020-05-16 14:16:50.306 Info, Node001,     Node 3
2020-05-16 14:16:50.306 Info, Node001,     Node 5
2020-05-16 14:16:50.306 Info, Node001,     Node 6
2020-05-16 14:16:50.306 Info, Node001,     Node 7
2020-05-16 14:16:50.306 Info, Node001,     Node 8
2020-05-16 14:16:50.306 Detail,   Expected reply was received
2020-05-16 14:16:50.307 Detail,   Message transaction complete
2020-05-16 14:16:50.307 Detail, 
2020-05-16 14:16:50.307 Detail, Node001, Removing current message
2020-05-16 14:16:50.307 Detail, 
2020-05-16 14:16:50.307 Info, Node003, Sending (NoOp) message (Callback ID=0x0a, Expected Reply=0x13) - NoOperation_Set (Node=3): 0x01, 0x09, 0x00, 0x13, 0x03, 0x02, 0x00, 0x00, 0x25, 0x0a, 0xcb
2020-05-16 14:16:50.318 Detail, Node003,   Received: 0x01, 0x04, 0x01, 0x13, 0x01, 0xe8
2020-05-16 14:16:50.318 Detail, Node003,   ZW_SEND_DATA delivered to Z-Wave stack
2020-05-16 14:16:54.475 Detail, Node003,   Received: 0x01, 0x07, 0x00, 0x13, 0x0a, 0x01, 0x01, 0xa1, 0x40
2020-05-16 14:16:54.475 Detail, Node003,   ZW_SEND_DATA Request with callback ID 0x0a received (expected 0x0a)
2020-05-16 14:16:54.475 Info, Node003, WARNING: ZW_SEND_DATA failed. No ACK received - device may be asleep.
2020-05-16 14:16:54.475 Info, Node003,   Node 3 has been marked as asleep
2020-05-16 14:16:54.475 Info, Node003, Node not responding - moving QueryStageComplete command to Wake-Up queue
2020-05-16 14:16:54.475 Detail, Node003, Notification: Notification - NoOperation
2020-05-16 14:16:54.487 Detail, Node003, Notification: Notification - Node Asleep
2020-05-16 14:16:54.487 Detail, 
2020-05-16 14:16:54.488 Info, Node005, Sending (NoOp) message (Callback ID=0x0b, Expected Reply=0x13) - NoOperation_Set (Node=5): 0x01, 0x09, 0x00, 0x13, 0x05, 0x02, 0x00, 0x00, 0x25, 0x0b, 0xcc
2020-05-16 14:16:54.498 Detail, Node005,   Received: 0x01, 0x04, 0x01, 0x13, 0x01, 0xe8
2020-05-16 14:16:54.498 Detail, Node005,   ZW_SEND_DATA delivered to Z-Wave stack
2020-05-16 14:16:59.627 Detail, Node005,   Received: 0x01, 0x07, 0x00, 0x13, 0x0b, 0x01, 0x02, 0x01, 0xe2
2020-05-16 14:16:59.627 Detail, Node005,   ZW_SEND_DATA Request with callback ID 0x0b received (expected 0x0b)
2020-05-16 14:16:59.627 Info, Node005, WARNING: ZW_SEND_DATA failed. No ACK received - device may be asleep.
2020-05-16 14:16:59.627 Info, Node005,   Node 5 has been marked as asleep
2020-05-16 14:16:59.627 Info, Node005, Node not responding - moving controller command to Wake-Up queue: Delete All Return Routes
2020-05-16 14:16:59.627 Info, Node005, Node not responding - moving controller command to Wake-Up queue: Assign Return Route
2020-05-16 14:16:59.627 Info, Node005, Node not responding - moving QueryStageComplete command to Wake-Up queue
2020-05-16 14:16:59.627 Detail, Node005, Notification: Notification - NoOperation
2020-05-16 14:16:59.630 Detail, Node005, Notification: Notification - Node Asleep
2020-05-16 14:16:59.632 Detail, 
2020-05-16 14:16:59.633 Info, Node006, Sending (NoOp) message (Callback ID=0x0c, Expected Reply=0x13) - NoOperation_Set (Node=6): 0x01, 0x09, 0x00, 0x13, 0x06, 0x02, 0x00, 0x00, 0x25, 0x0c, 0xc8
2020-05-16 14:16:59.640 Detail, Node006,   Received: 0x01, 0x04, 0x01, 0x13, 0x01, 0xe8
2020-05-16 14:16:59.640 Detail, Node006,   ZW_SEND_DATA delivered to Z-Wave stack
2020-05-16 14:17:00.861 Detail, Node006,   Received: 0x01, 0x07, 0x00, 0x13, 0x0c, 0x00, 0x00, 0x7b, 0x9c
2020-05-16 14:17:00.861 Detail, Node006,   ZW_SEND_DATA Request with callback ID 0x0c received (expected 0x0c)
2020-05-16 14:17:00.861 Info, Node006, Request RTT 1228 Average Request RTT 1228
2020-05-16 14:17:00.861 Detail,   Expected callbackId was received
2020-05-16 14:17:00.861 Detail,   Expected reply was received
2020-05-16 14:17:00.861 Detail,   Message transaction complete
2020-05-16 14:17:00.861 Detail, 
2020-05-16 14:17:00.861 Detail, Node006, Removing current message
2020-05-16 14:17:00.861 Detail, Node006, Notification: Notification - NoOperation
2020-05-16 14:17:00.862 Detail, 
2020-05-16 14:17:00.862 Info, Node007, Sending (NoOp) message (Callback ID=0x0d, Expected Reply=0x13) - NoOperation_Set (Node=7): 0x01, 0x09, 0x00, 0x13, 0x07, 0x02, 0x00, 0x00, 0x25, 0x0d, 0xc8
2020-05-16 14:17:00.870 Detail, Node007,   Received: 0x01, 0x04, 0x01, 0x13, 0x01, 0xe8
2020-05-16 14:17:00.870 Detail, Node007,   ZW_SEND_DATA delivered to Z-Wave stack
2020-05-16 14:17:06.283 Detail, Node007,   Received: 0x01, 0x07, 0x00, 0x13, 0x0d, 0x01, 0x02, 0x1e, 0xfb
2020-05-16 14:17:06.283 Detail, Node007,   ZW_SEND_DATA Request with callback ID 0x0d received (expected 0x0d)
2020-05-16 14:17:06.283 Info, Node007, WARNING: ZW_SEND_DATA failed. No ACK received - device may be asleep.
2020-05-16 14:17:06.283 Info, Node007,   Node 7 has been marked as asleep
2020-05-16 14:17:06.283 Info, Node007, Node not responding - moving controller command to Wake-Up queue: Delete All Return Routes
2020-05-16 14:17:06.283 Info, Node007, Node not responding - moving controller command to Wake-Up queue: Assign Return Route
2020-05-16 14:17:06.283 Info, Node007, Node not responding - moving QueryStageComplete command to Wake-Up queue
2020-05-16 14:17:06.283 Detail, Node007, Notification: Notification - NoOperation
2020-05-16 14:17:06.286 Detail, Node007, Notification: Notification - Node Asleep
2020-05-16 14:17:06.289 Detail, 
2020-05-16 14:17:06.289 Info, Node008, Sending (NoOp) message (Callback ID=0x0e, Expected Reply=0x13) - NoOperation_Set (Node=8): 0x01, 0x09, 0x00, 0x13, 0x08, 0x02, 0x00, 0x00, 0x25, 0x0e, 0xc4
2020-05-16 14:17:06.296 Detail, Node008,   Received: 0x01, 0x04, 0x01, 0x13, 0x01, 0xe8
2020-05-16 14:17:06.296 Detail, Node008,   ZW_SEND_DATA delivered to Z-Wave stack
2020-05-16 14:17:06.312 Detail, Node008,   Received: 0x01, 0x07, 0x00, 0x13, 0x0e, 0x00, 0x00, 0x02, 0xe7
2020-05-16 14:17:06.313 Detail, Node008,   ZW_SEND_DATA Request with callback ID 0x0e received (expected 0x0e)
2020-05-16 14:17:06.313 Info, Node008, Request RTT 23 Average Request RTT 23
2020-05-16 14:17:06.313 Detail,   Expected callbackId was received
2020-05-16 14:17:06.313 Detail,   Expected reply was received
2020-05-16 14:17:06.313 Detail,   Message transaction complete
2020-05-16 14:17:06.313 Detail, 
2020-05-16 14:17:06.313 Detail, Node008, Removing current message
2020-05-16 14:17:06.313 Detail, Node008, Notification: Notification - NoOperation
2020-05-16 14:17:06.315 Detail, Node001, Query Stage Complete (Neighbors)
2020-05-16 14:17:06.315 Detail, Node001, AdvanceQueries queryPending=0 queryRetries=0 queryStage=Session live=1
2020-05-16 14:17:06.315 Detail, Node001, QueryStage_Session
2020-05-16 14:17:06.315 Detail, Node001, QueryStage_Dynamic
2020-05-16 14:17:06.315 Detail, Node001, QueryStage_Configuration
2020-05-16 14:17:06.315 Detail, Node001, QueryStage_Complete
2020-05-16 14:17:06.315 Warning, CheckCompletedNodeQueries m_allNodesQueried=0 m_awakeNodesQueried=0
2020-05-16 14:17:06.316 Warning, CheckCompletedNodeQueries all=0, deadFound=0 sleepingOnly=0
2020-05-16 14:17:06.316 Detail, Node001, Notification: NodeQueriesComplete
2020-05-16 14:17:06.318 Detail, Node006, Query Stage Complete (CacheLoad)
2020-05-16 14:17:06.318 Detail, Node006, AdvanceQueries queryPending=0 queryRetries=0 queryStage=Associations live=1
2020-05-16 14:17:06.318 Detail, Node006, QueryStage_Associations
2020-05-16 14:17:06.318 Info, Node006, Number of association groups reported for node 6 is 1.
2020-05-16 14:17:06.318 Info, Node006, Get Associations for group 1 of node 6
